142 221 23 72 7 5 10 0 0 12 5
74 38 247 169 47 238 10 0 0 5 3
146 98 125 15 154 141 10 0 0 15 5
74 38 247 169 47 238 10 0 0 5 3
6 59 128 153 207 33 10 0 0 17 2
74 38 247 169 47 238 10 0 0 5 3
166 227 188 84 247 107 10 0 0 18 2
74 38 247 169 47 238 10 0 0 5 3
210 178 25 127 89 79 10 0 0 19 2
74 38 247 169 47 238 10 0 0 5 3
30 176 3 58 19 73 10 0 0 1 2
158 32 236 96 218 100 10 0 0 6 3
170 16 77 32 252 187 10 0 0 2 2
158 32 236 96 218 100 10 0 0 6 3
242 61 102 13 26 145 10 0 0 7 4
158 32 236 96 218 100 10 0 0 6 3
22 145 100 67 144 89 10 0 0 8 1
158 32 236 96 218 100 10 0 0 6 3
118 92 9 227 255 147 10 0 0 9 5
158 32 236 96 218 100 10 0 0 6 3
142 221 23 72 7 5 10 0 0 12 5
158 32 236 96 218 100 10 0 0 6 3
146 98 125 15 154 141 10 0 0 15 5
158 32 236 96 218 100 10 0 0 6 3
74 38 247 169 47 238 10 0 0 5 3
22 145 100 67 144 89 10 0 0 8 1
158 32 236 96 218 100 10 0 0 6 3
22 145 100 67 144 89 10 0 0 8 1
242 61 102 13 26 145 10 0 0 7 4
22 145 100 67 144 89 10 0 0 8 1
118 92 9 227 255 147 10 0 0 9 5
22 145 100 67 144 89 10 0 0 8 1
126 37 123 184 221 212 10 0 0 10 3
22 145 100 67 144 89 10 0 0 8 1
150 82 21 183 45 119 10 0 0 11 6
22 145 100 67 144 89 10 0 0 8 1
142 221 23 72 7 5 10 0 0 12 5
22 145 100 67 144 89 10 0 0 8 1
142 143 122 37 107 15 10 0 0 13 3
22 145 100 67 144 89 10 0 0 8 1
122 240 225 136 102 41 10 0 0 14 5
22 145 100 67 144 89 10 0 0 8 1
146 98 125 15 154 141 10 0 0 15 5
22 145 100 67 144 89 10 0 0 8 1
154 108 26 36 194 205 10 0 0 16 5
22 145 100 67 144 89 10 0 0 8 1
6 59 128 153 207 33 10 0 0 17 2
22 145 100 67 144 89 10 0 0 8 1
202 211 195 251 22 93 10 0 0 4 3
74 38 247 169 47 238 10 0 0 5 3
242 61 102 13 26 145 10 0 0 7 4
150 82 21 183 45 119 10 0 0 11 6
22 145 100 67 144 89 10 0 0 8 1
150 82 21 183 45 119 10 0 0 11 6
118 92 9 227 255 147 10 0 0 9 5
150 82 21 183 45 119 10 0 0 11 6
126 37 123 184 221 212 10 0 0 10 5
150 82 21 183 45 119 10 0 0 11 6
142 221 23 72 7 5 10 0 0 12 5